>Z,I256,RGB212/108/75,BG945/1192
   692   748   803   803   805   808   804   796   796   816   805   816   814   827   814   879
   817   882   844   927   912   955   981  1059  1041  1176  1275  1369  1418  1563  1724  1735
  2101  2313  2034  2810  3053  3448  3695  4227  4744  5126  5579  6022  6688  7405  7454  8690
  9290  9647 11094 11530 12111 13025 13426 14274 15138 15608 15880 16618 17398 18158 17774 18891
 18745 18996 18844 18848 18628 19702 18905 18301 18702 18461 17852 17836 16009 16779 16076 15588
 14904 14840 14491 13367 13159 12884 12314 11925 11354 10920 10676 10201 10145  9785  8457  9254
  9331  9218  8919  8991  8586  8662  8651  8599  8463  8456  8650  8679  7145  8713  8647  8990
  8649  8646  7698  7816  8635  8719  8865  8810  8090  8210  8627  8665  8440  8683  8546  8191
  8336  8247  8022  8143  8031  7972  7936  7698  7718  7686  7756  7992  7716  7688  7764  7631
  7566  7583  7365  7270  7628  7359  7322  6913  7104  7170  7004  6662  6684  6654  6489  6650
  6617  6517  6425  6434  6159  6341  6091  5962  5821  5834  5715  5773  5689  5473  5899  4850
  5120  5204  5183  5293  5110  4254  4980  5068  4666  4829  4626  4562  4477  4202  3580  4256
  4296  4199  4100  4057  3974  3816  3814  3752  3632  3546  3661  3475  3475  3414  3333  3380
  3213  3066  2772  2032  3174  3031  2847  2857  2581  2786  2657  2532  2607  2475  2522  2459
  2398  2095  2343  2270  2259  2095  2086  2029  2028  2030  2022  1908  1897  1834  1816  1782
  1768  1724  1698  1577  1634  1589  1576  1474  1442  1471  1401  1213  1335  1398  1283  1303
>E,I256,RGB212/108/75,BG945/1189
   381   459   448   500   457   499   447   489   432   501   438   504   471   503   474   504
   464   503   480   535   525   538   545   565   591   665   659   738   736   851   855   888
  1040  1177  1022  1419  1534  1721  1799  2047  2271  2458  2632  2859  3112  3434  3463  3979
  4223  4255  4955  5118  5444  5739  5971  6367  6770  6953  7133  7484  7791  8187  8109  8648
  8693  8824  8917  9044  8987  9573  9222  9132  9364  9345  9182  9359  8424  8983  8757  8645
  8314  8397  8309  7834  7805  7723  7479  7261  7036  6850  6786  6493  6476  6284  5518  6017
  6063  6001  5824  5871  5640  5659  5664  5602  5502  5536  5638  5707  4814  5724  5621  5862
  5661  5678  5123  5131  5696  5696  5847  5787  5418  5477  5706  5719  5600  5750  5665  5423
  5538  5495  5397  5508  5463  5447  5390  5264  5152  5234  5230  5383  5209  5227  5249  5201
  5130  5215  5048  5024  5222  5090  5061  4874  4941  5009  4878  4651  4708  4719  4542  4679
  4616  4581  4492  4519  4369  4507  4315  4218  4154  4149  4106  4081  4063  3907  4167  3522
  3670  3736  3733  3809  3699  3051  3623  3639  3398  3488  3328  3307  3249  3001  2568  3080
  3118  3041  2972  2971  2892  2792  2743  2736  2640  2585  2641  2532  2550  2507  2423  2483
  2385  2254  2008  1486  2375  2211  2096  2088  1869  2055  1945  1853  1908  1808  1856  1795
  1786  1492  1729  1678  1648  1527  1559  1470  1480  1478  1470  1403  1366  1355  1323  1284
  1287  1221  1214  1101  1134  1135  1092  1029  1007  1015   979   824   942   960   856   910

