>Z,I256,RGB212/108/75,REF630/535/475,BG953/1170
   678   733   769   762   765   756   778   765   761   773   775   796   800   815   820   875
   834   878   855   954   984  1012  1066  1159  1174  1301  1408  1506  1646  1864  1969  2183
  2437  2764  2675  3337  3624  4044  4314  4771  5291  5822  6289  6956  7534  8252  7874  9749
  9933 11018 11614 12429 12951 13837 13979 14573 15295 15687 16481 16601 16904 17447 17483 18004
 17985 18166 18360 18068 17749 18265 17077 17072 17658 16801 16700 16308 15415 15410 14654 14586
 13867 13688 12887 12267 11803 11807 11335 11227 10427 10065 10089  9495  9384  9222  8697  9056
  8844  8797  8548  8539  8418  8551  8211  8416  8411  8225  8163  8230  5411  7989  8364  8282
  8250  8107  7309  7554  8087  8247  8468  8458  6998  7569  8335  8266  8035  8185  8139  7921
  7636  7811  7719  7796  7644  7455  7428  7414  7407  7287  7203  7156  7185  7197  7167  7040
  7235  6982  7021  6842  6997  6771  6896  6029  6201  6749  6441  6362  6351  6322  6131  6092
  6123  5962  5801  5852  5804  5596  5681  5581  5417  5448  5475  5224  5306  5132  5351  4469
  4643  4611  4788  4824  4684  4391  4530  4526  4168  4285  4152  4251  4145  4062  3872  3589
  4005  3833  3784  3578  3458  3571  3442  3443  3392  3327  3344  3285  3197  2803  3030  3070
  2991  2963  2662  2114  2694  2712  2630  2594  2408  2576  2415  2427  2402  2278  2378  2288
  2120  2199  2103  2068  2035  1910  1922  1831  1881  1830  1774  1806  1706  1743  1680  1614
  1606  1517  1507  1407  1457  1480  1385  1384  1338  1307  1281  1214  1277  1236  1130  1225
>E,I256,RGB212/108/75,REF630/535/475,BG951/1166
   679   733   769   762   765   756   778   765   761   773   775   796   800   815   820   875
   834   878   855   954   984  1012  1066  1159  1174  1301  1408  1506  1646  1864  1969  2183
  2437  2764  2675  3337  3624  4044  4314  4771  5291  5822  6289  6956  7534  8252  7874  9749
  9933 11018 11614 12429 12951 13837 13979 14573 15295 15687 16481 16601 16904 17447 17483 18004
 17985 18166 18360 18068 17749 18265 17077 17072 17658 16801 16700 16308 15415 15410 14654 14586
 13867 13688 12887 12267 11803 11807 11335 11227 10427 10065 10089  9495  9384  9222  8697  9056
  8844  8797  8548  8539  8418  8551  8211  8416  8411  8225  8163  8230  5411  7989  8364  8282
  8250  8107  7309  7554  8087  8247  8468  8458  6998  7569  8335  8266  8035  8185  8139  7921
  7636  7811  7719  7796  7644  7455  7428  7414  7407  7287  7203  7156  7185  7197  7167  7040
  7235  6982  7021  6842  6997  6771  6896  6029  6201  6749  6441  6362  6351  6322  6131  6092
  6123  5962  5801  5852  5804  5596  5681  5581  5417  5448  5475  5224  5306  5132  5351  4469
  4643  4611  4788  4824  4684  4391  4530  4526  4168  4285  4152  4251  4145  4062  3872  3589
  4005  3833  3784  3578  3458  3571  3442  3443  3392  3327  3344  3285  3197  2803  3030  3070
  2991  2963  2662  2114  2694  2712  2630  2594  2408  2576  2415  2427  2402  2278  2378  2288
  2120  2199  2103  2068  2035  1910  1922  1831  1881  1830  1774  1806  1706  1743  1680  1614
  1606  1517  1507  1407  1457  1480  1385  1384  1338  1307  1281  1214  1277  1236  1130  1225