>R,I256,RGB212/108/75,BG945/1193
   372   393   366   400   363   382   369   380   369   384   364   378   370   381   365   381
   333   394   344   407   339   366   345   365   350   378   339   358   347   391   332   375
   351   372   332   386   333   374   341   386   343   355   345   400   340   396   332   406
   341   375   336   392   333   392   326   373   336   363   335   376   332   375   326   367
   323   347   327   346   327   342   327   362   329   340   319   346   331   351   325   353
   329   342   329   333   327   347   338   348   334   334   327   344   329   349   329   335
   321   341   326   335   330   342   327   348   329   349   335   342   315   335   333   350
   338   343   339   340   332   344   345   360   333   341   338   338   336   344   331   345
   315   299   343   314   340   316   355   323   347   341   352   363   382   377   388   386
   383   411   382   407   391   382   445   413   466   532   442   556   577   600   632   721
   722   791   769   891   909   975  1075  1102  1203  1295  1333  1477  1584  1722  1772  1968
  2054  2235  2530  2608  2906  2872  3353  3733  3851  4359  4467  5099  5481  4767  5790  6565
  7387  8010  8672  9144 10029 10525 11405 12031 11785 13110 14184 14610 15575 15877 16533 16347
 16589 17819 18543 19461 19889 18036 18953 18808 18088 17809 16123 17520 16789 17028 15945 13813
 13567 13365 13169 12216 11240 10370  9673  9010  8321  8174  6876  6395  5990  5177  5165  4664
  4471  4048  3655  3287  3326  3134  2874  2731  2396  2542  2374  2225  2107  2020  1995  1902
>G,I256,RGB212/108/75,BG945/1190
   584   651   656   687   624   668   629   663   619   676   609   667   636   676   629   689
   618   693   611   682   665   677   651   683   660   690   675   644   675   731   665   710
   703   735   690   734   721   738   745   755   774   782   773   851   843   912   885   971
   970  1036  1094  1167  1257  1343  1373  1498  1597  1741  1855  2033  2157  2420  2562  2864
  3041  3349  3645  4042  4361  4753  5277  5777  6258  6005  7548  8207  8632  9553 10347 11340
 12295 13301 13841 15043 16601 17955 19158 20736 22038 23069 24824 25908 27308 28709 29556 32311
 33330 34587 36194 37986 39693 41845 41474 43188 44226 44022 44079 45170 34893 45695 45527 45167
 45075 43606 43198 42533 39960 39760 39586 38950 33055 35755 36119 34348 31722 31389 30229 28666
 26330 25247 23952 22738 22085 20657 19812 18984 18017 16573 15965 15069 14263 13540 12763 12033
 11709 10573 10213  9517  9059  7697  8143  6389  6849  7083  6435  6327  5676  5562  5250  4866
  4697  4425  4202  3942  3850  3492  3456  3249  3099  2964  2811  2673  2548  2451  2309  2212
  1961  1964  1953  1797  1761  1601  1639  1486  1425  1419  1320  1292  1262  1089  1101  1037
  1074  1021   980   927   880   907   826   813   794   770   754   729   699   652   640   645
   632   580   570   524   566   514   519   526   460   498   446   458   437   455   435   427
   380   397   384   403   381   360   357   354   340   338   329   312   318   299   314   274
   307   270   291   234   265   265   260   224   255   225   258   217   249   202   240   204
>B,I128,RGB212/108/75,BG944/1193
   313   340   357   388   362   371   368   377   359   392   368   397   379   414   380   433
   364   436   373   461   422   462   418   495   443   492   512   527   539   622   580   604
   720   735   719   916   968  1068  1160  1313  1472  1629  1846  2042  2284  2661  2926  3299
  3859  2937  4942  5437  6058  6699  7349  8570  9148 10461 11234 12701 14046 16168 16848 19333
 20777 22483 24666 26459 28134 30208 32705 32433 34882 36428 36895 38227 34630 37989 37863 38077
 35976 35481 35075 33093 32463 30387 29814 27344 25214 23491 22488 20438 19403 17329 14423 15318
 14246 12823 11885 10925  9625  9023  8195  7199  6856  6258  5709  5430  5063  4674  4178  4018
  3564  3368  3078  2858  2711  2478  2323  2172  1978  1892  1752  1687  1516  1442  1285  1293
  1132  1055  1014   972   891   878   833   797   719   725   663   644   629   579   565   562
   487   497   459   471   434   427   392   401   371   399   290   347   349   341   319   317
   318   275   297   275   271   260   265   237   256   224   249   224   221   215   219   216
   209   214   200   213   184   186   194   186   172   200   160   191   161   168   150   167
   153   179   151   165   151   156   132   162   132   167   127   142   140   136   120   149
   127   137   125   115   118   131   106   127   106   110   104   107    94   114    95   103
    96    85    97    89    71    90    76    90    80    73    70    92    68    76    81    79
    71    73    57    68    70    58    81    85    64    85    69    73    72    67    69    72
>W,I256,RGB212/108/75,BG945/1192
   715   770   804   822   799   819   800   816   802   823   810   825   808   846   814   881
   824   881   841   925   909   928   960  1012  1034  1126  1195  1243  1318  1456  1602  1573
  1924  2098  1854  2552  2791  3123  3307  3849  4295  4670  5061  5463  6101  6780  6859  8018
  8605  8981 10386 10802 11359 12241 12696 13576 14436 14971 15278 16020 16831 17665 17332 18544
 18466 18745 18642 18763 18533 19824 19083 18455 18910 18783 18154 18277 16465 17220 16632 16122
 15458 15444 15135 13971 13805 13502 12896 12514 11906 11453 11125 10604 10554 10095  8773  9548
  9645  9471  9101  9170  8687  8778  8754  8715  8567  8517  8654  8732  7120  8779  8676  8998
  8665  8621  7681  7768  8597  8653  8836  8790  8083  8172  8593  8629  8414  8644  8507  8217
  8369  8262  8101  8222  8141  8062  8049  7814  7818  7811  7844  8064  7772  7811  7863  7723
  7663  7680  7382  7294  7698  7479  7412  7028  7190  7315  7144  6823  6796  6807  6613  6776
  6690  6580  6501  6525  6298  6491  6189  6081  5932  5964  5871  5911  5862  5565  6042  4997
  5230  5322  5348  5444  5262  4355  5121  5201  4816  5004  4766  4744  4653  4302  3674  4394
  4415  4305  4215  4215  4098  3988  3953  3856  3773  3729  3785  3588  3656  3482  3430  3490
  3342  3207  2839  2104  3341  3161  2966  2986  2677  2921  2798  2605  2715  2576  2649  2534
  2527  2214  2450  2407  2373  2218  2204  2100  2121  2160  2118  2039  1997  1945  1897  1888
  1839  1777  1777  1655  1660  1681  1640  1494  1482  1491  1447  1219  1384  1407  1323  1339

